




122.50, 
123.00, 
123.50, 
124.00, 
124.50, 
125.00, 
125.50, 
126.00, 
126.50, 126.50, 
127.00, 127.00, 
127.50, 127.50, 
128.00, 128.00, 
128.50, 128.50, 
129.00, 129.00, 129.00, 
129.50, 129.50, 129.50, 
130.00, 130.00, 130.00, 
130.50, 130.50, 130.50, 130.50, 
131.00, 131.00, 131.00, 131.00, 
131.50, 131.50, 131.50, 131.50, 
132.00, 132.00, 132.00, 132.00, 132.00, 
132.50, 132.50, 132.50, 132.50, 132.50, 
133.00, 133.00, 133.00, 133.00, 133.00, 133.00, 
133.50, 133.50, 133.50, 133.50, 133.50, 133.50, 
134.00, 134.00, 134.00, 134.00, 134.00, 134.00, 134.00, 
134.50, 134.50, 134.50, 134.50, 134.50, 134.50, 134.50, 
135.00, 135.00, 135.00, 135.00, 135.00, 135.00, 135.00, 135.00, 
135.50, 135.50, 135.50, 135.50, 135.50, 135.50, 135.50, 135.50, 
136.00, 136.00, 136.00, 136.00, 136.00, 136.00, 136.00, 136.00, 136.00, 
136.50, 136.50, 136.50, 136.50, 136.50, 136.50, 136.50, 136.50, 136.50, 136.50, 
137.00, 137.00, 137.00, 137.00, 137.00, 137.00, 137.00, 137.00, 137.00, 137.00, 
137.50, 137.50, 137.50, 137.50, 137.50, 137.50, 137.50, 137.50, 137.50, 137.50, 137.50, 
138.00, 138.00, 138.00, 138.00, 138.00, 138.00, 138.00, 138.00, 138.00, 138.00, 138.00, 138.00, 
138.50, 138.50, 138.50, 138.50, 138.50, 138.50, 138.50, 138.50, 138.50, 138.50, 138.50, 138.50, 
139.00, 139.00, 139.00, 139.00, 139.00, 139.00, 139.00, 139.00, 139.00, 139.00, 139.00, 139.00, 139.00, 
139.50, 139.50, 139.50, 139.50, 139.50, 139.50, 139.50, 139.50, 139.50, 139.50, 139.50, 139.50, 139.50, 139.50, 
140.00, 140.00, 140.00, 140.00, 140.00, 140.00, 140.00, 140.00, 140.00, 140.00, 140.00, 140.00, 140.00, 140.00, 140.00, 
140.50, 140.50, 140.50, 140.50, 140.50, 140.50, 140.50, 140.50, 140.50, 140.50, 140.50, 140.50, 140.50, 140.50, 140.50, 
141.00, 141.00, 141.00, 141.00, 141.00, 141.00, 141.00, 141.00, 141.00, 141.00, 141.00, 141.00, 141.00, 141.00, 141.00, 141.00, 
141.50, 141.50, 141.50, 141.50, 141.50, 141.50, 141.50, 141.50, 141.50, 141.50, 141.50, 141.50, 141.50, 141.50, 141.50, 141.50, 141.50, 
142.00, 142.00, 142.00, 142.00, 142.00, 142.00, 142.00, 142.00, 142.00, 142.00, 142.00, 142.00, 142.00, 142.00, 142.00, 142.00, 142.00, 
142.50, 142.50, 142.50, 142.50, 142.50, 142.50, 142.50, 142.50, 142.50, 142.50, 142.50, 142.50, 142.50, 142.50, 142.50, 142.50, 142.50, 142.50, 
143.00, 143.00, 143.00, 143.00, 143.00, 143.00, 143.00, 143.00, 143.00, 143.00, 143.00, 143.00, 143.00, 143.00, 143.00, 143.00, 143.00, 143.00, 143.00, 
143.50, 143.50, 143.50, 143.50, 143.50, 143.50, 143.50, 143.50, 143.50, 143.50, 143.50, 143.50, 143.50, 143.50, 143.50, 143.50, 143.50, 143.50, 143.50, 
144.00, 144.00, 144.00, 144.00, 144.00, 144.00, 144.00, 144.00, 144.00, 144.00, 144.00, 144.00, 144.00, 144.00, 144.00, 144.00, 144.00, 144.00, 144.00, 144.00, 
144.50, 144.50, 144.50, 144.50, 144.50, 144.50, 144.50, 144.50, 144.50, 144.50, 144.50, 144.50, 144.50, 144.50, 144.50, 144.50, 144.50, 144.50, 144.50, 144.50, 144.50, 
145.00, 145.00, 145.00, 145.00, 145.00, 145.00, 145.00, 145.00, 145.00, 145.00, 145.00, 145.00, 145.00, 145.00, 145.00, 145.00, 145.00, 145.00, 145.00, 145.00, 145.00, 
145.50, 145.50, 145.50, 145.50, 145.50, 145.50, 145.50, 145.50, 145.50, 145.50, 145.50, 145.50, 145.50, 145.50, 145.50, 145.50, 145.50, 145.50, 145.50, 145.50, 145.50, 145.50, 
146.00, 146.00, 146.00, 146.00, 146.00, 146.00, 146.00, 146.00, 146.00, 146.00, 146.00, 146.00, 146.00, 146.00, 146.00, 146.00, 146.00, 146.00, 146.00, 146.00, 146.00, 146.00, 
146.50, 146.50, 146.50, 146.50, 146.50, 146.50, 146.50, 146.50, 146.50, 146.50, 146.50, 146.50, 146.50, 146.50, 146.50, 146.50, 146.50, 146.50, 146.50, 146.50, 146.50, 146.50, 146.50, 
147.00, 147.00, 147.00, 147.00, 147.00, 147.00, 147.00, 147.00, 147.00, 147.00, 147.00, 147.00, 147.00, 147.00, 147.00, 147.00, 147.00, 147.00, 147.00, 147.00, 147.00, 147.00, 147.00, 
147.50, 147.50, 147.50, 147.50, 147.50, 147.50, 147.50, 147.50, 147.50, 147.50, 147.50, 147.50, 147.50, 147.50, 147.50, 147.50, 147.50, 147.50, 147.50, 147.50, 147.50, 147.50, 147.50, 
148.00, 148.00, 148.00, 148.00, 148.00, 148.00, 148.00, 148.00, 148.00, 148.00, 148.00, 148.00, 148.00, 148.00, 148.00, 148.00, 148.00, 148.00, 148.00, 148.00, 148.00, 148.00, 148.00, 148.00, 
148.50, 148.50, 148.50, 148.50, 148.50, 148.50, 148.50, 148.50, 148.50, 148.50, 148.50, 148.50, 148.50, 148.50, 148.50, 148.50, 148.50, 148.50, 148.50, 148.50, 148.50, 148.50, 148.50, 148.50, 
149.00, 149.00, 149.00, 149.00, 149.00, 149.00, 149.00, 149.00, 149.00, 149.00, 149.00, 149.00, 149.00, 149.00, 149.00, 149.00, 149.00, 149.00, 149.00, 149.00, 149.00, 149.00, 149.00, 149.00, 
149.50, 149.50, 149.50, 149.50, 149.50, 149.50, 149.50, 149.50, 149.50, 149.50, 149.50, 149.50, 149.50, 149.50, 149.50, 149.50, 149.50, 149.50, 149.50, 149.50, 149.50, 149.50, 149.50, 149.50, 
150.00, 150.00, 150.00, 150.00, 150.00, 150.00, 150.00, 150.00, 150.00, 150.00, 150.00, 150.00, 150.00, 150.00, 150.00, 150.00, 150.00, 150.00, 150.00, 150.00, 150.00, 150.00, 150.00, 150.00, 
150.50, 150.50, 150.50, 150.50, 150.50, 150.50, 150.50, 150.50, 150.50, 150.50, 150.50, 150.50, 150.50, 150.50, 150.50, 150.50, 150.50, 150.50, 150.50, 150.50, 150.50, 150.50, 150.50, 150.50, 
151.00, 151.00, 151.00, 151.00, 151.00, 151.00, 151.00, 151.00, 151.00, 151.00, 151.00, 151.00, 151.00, 151.00, 151.00, 151.00, 151.00, 151.00, 151.00, 151.00, 151.00, 151.00, 151.00, 151.00, 
151.50, 151.50, 151.50, 151.50, 151.50, 151.50, 151.50, 151.50, 151.50, 151.50, 151.50, 151.50, 151.50, 151.50, 151.50, 151.50, 151.50, 151.50, 151.50, 151.50, 151.50, 151.50, 151.50, 151.50, 
152.00, 152.00, 152.00, 152.00, 152.00, 152.00, 152.00, 152.00, 152.00, 152.00, 152.00, 152.00, 152.00, 152.00, 152.00, 152.00, 152.00, 152.00, 152.00, 152.00, 152.00, 152.00, 152.00, 152.00, 
152.50, 152.50, 152.50, 152.50, 152.50, 152.50, 152.50, 152.50, 152.50, 152.50, 152.50, 152.50, 152.50, 152.50, 152.50, 152.50, 152.50, 152.50, 152.50, 152.50, 152.50, 152.50, 152.50, 
153.00, 153.00, 153.00, 153.00, 153.00, 153.00, 153.00, 153.00, 153.00, 153.00, 153.00, 153.00, 153.00, 153.00, 153.00, 153.00, 153.00, 153.00, 153.00, 153.00, 153.00, 153.00, 153.00, 
153.50, 153.50, 153.50, 153.50, 153.50, 153.50, 153.50, 153.50, 153.50, 153.50, 153.50, 153.50, 153.50, 153.50, 153.50, 153.50, 153.50, 153.50, 153.50, 153.50, 153.50, 153.50, 153.50, 
154.00, 154.00, 154.00, 154.00, 154.00, 154.00, 154.00, 154.00, 154.00, 154.00, 154.00, 154.00, 154.00, 154.00, 154.00, 154.00, 154.00, 154.00, 154.00, 154.00, 154.00, 154.00, 
154.50, 154.50, 154.50, 154.50, 154.50, 154.50, 154.50, 154.50, 154.50, 154.50, 154.50, 154.50, 154.50, 154.50, 154.50, 154.50, 154.50, 154.50, 154.50, 154.50, 154.50, 154.50, 
155.00, 155.00, 155.00, 155.00, 155.00, 155.00, 155.00, 155.00, 155.00, 155.00, 155.00, 155.00, 155.00, 155.00, 155.00, 155.00, 155.00, 155.00, 155.00, 155.00, 155.00, 
155.50, 155.50, 155.50, 155.50, 155.50, 155.50, 155.50, 155.50, 155.50, 155.50, 155.50, 155.50, 155.50, 155.50, 155.50, 155.50, 155.50, 155.50, 155.50, 155.50, 155.50, 
156.00, 156.00, 156.00, 156.00, 156.00, 156.00, 156.00, 156.00, 156.00, 156.00, 156.00, 156.00, 156.00, 156.00, 156.00, 156.00, 156.00, 156.00, 156.00, 156.00, 
156.50, 156.50, 156.50, 156.50, 156.50, 156.50, 156.50, 156.50, 156.50, 156.50, 156.50, 156.50, 156.50, 156.50, 156.50, 156.50, 156.50, 156.50, 156.50, 
157.00, 157.00, 157.00, 157.00, 157.00, 157.00, 157.00, 157.00, 157.00, 157.00, 157.00, 157.00, 157.00, 157.00, 157.00, 157.00, 157.00, 157.00, 157.00, 
157.50, 157.50, 157.50, 157.50, 157.50, 157.50, 157.50, 157.50, 157.50, 157.50, 157.50, 157.50, 157.50, 157.50, 157.50, 157.50, 157.50, 157.50, 
158.00, 158.00, 158.00, 158.00, 158.00, 158.00, 158.00, 158.00, 158.00, 158.00, 158.00, 158.00, 158.00, 158.00, 158.00, 158.00, 158.00, 
158.50, 158.50, 158.50, 158.50, 158.50, 158.50, 158.50, 158.50, 158.50, 158.50, 158.50, 158.50, 158.50, 158.50, 158.50, 158.50, 158.50, 
159.00, 159.00, 159.00, 159.00, 159.00, 159.00, 159.00, 159.00, 159.00, 159.00, 159.00, 159.00, 159.00, 159.00, 159.00, 159.00, 
159.50, 159.50, 159.50, 159.50, 159.50, 159.50, 159.50, 159.50, 159.50, 159.50, 159.50, 159.50, 159.50, 159.50, 159.50, 
160.00, 160.00, 160.00, 160.00, 160.00, 160.00, 160.00, 160.00, 160.00, 160.00, 160.00, 160.00, 160.00, 160.00, 160.00, 
160.50, 160.50, 160.50, 160.50, 160.50, 160.50, 160.50, 160.50, 160.50, 160.50, 160.50, 160.50, 160.50, 160.50, 
161.00, 161.00, 161.00, 161.00, 161.00, 161.00, 161.00, 161.00, 161.00, 161.00, 161.00, 161.00, 161.00, 
161.50, 161.50, 161.50, 161.50, 161.50, 161.50, 161.50, 161.50, 161.50, 161.50, 161.50, 161.50, 
162.00, 162.00, 162.00, 162.00, 162.00, 162.00, 162.00, 162.00, 162.00, 162.00, 162.00, 162.00, 
162.50, 162.50, 162.50, 162.50, 162.50, 162.50, 162.50, 162.50, 162.50, 162.50, 162.50, 
163.00, 163.00, 163.00, 163.00, 163.00, 163.00, 163.00, 163.00, 163.00, 163.00, 
163.50, 163.50, 163.50, 163.50, 163.50, 163.50, 163.50, 163.50, 163.50, 163.50, 
164.00, 164.00, 164.00, 164.00, 164.00, 164.00, 164.00, 164.00, 164.00, 
164.50, 164.50, 164.50, 164.50, 164.50, 164.50, 164.50, 164.50, 
165.00, 165.00, 165.00, 165.00, 165.00, 165.00, 165.00, 165.00, 
165.50, 165.50, 165.50, 165.50, 165.50, 165.50, 165.50, 
166.00, 166.00, 166.00, 166.00, 166.00, 166.00, 166.00, 
166.50, 166.50, 166.50, 166.50, 166.50, 166.50, 
167.00, 167.00, 167.00, 167.00, 167.00, 167.00, 
167.50, 167.50, 167.50, 167.50, 167.50, 
168.00, 168.00, 168.00, 168.00, 168.00, 
168.50, 168.50, 168.50, 168.50, 
169.00, 169.00, 169.00, 169.00, 
169.50, 169.50, 169.50, 169.50, 
170.00, 170.00, 170.00, 
170.50, 170.50, 170.50, 
171.00, 171.00, 171.00, 
171.50, 171.50, 
172.00, 172.00, 
172.50, 172.50, 
173.00, 173.00, 
173.50, 173.50, 
174.00, 
174.50, 
175.00, 
175.50, 
176.00, 
176.50, 
177.00, 
177.50, 





